2019213001 000000 000000 000000
2019213002 000000 000000 000000
2019213003 000000 000000 000000
2019213004 000000 000000 000000
2019213005 000000 000000 000000
2019213006 000000 000000 000000
2019213007 000000 000000 000000
2019213008 000000 000000 000000
2019213009 000000 000000 000000
2019213010 000000 000000 000000
2019213011 000000 000000 000000
2019213012 000000 000000 000000
2019213013 000000 000000 000000
2019213014 000000 000000 000000
2019213015 000000 000000 000000
2019213016 000000 000000 000000
2019213017 000000 000000 000000
2019213018 000000 000000 000000
2019213019 000000 000000 000000
2019213020 000000 000000 000000
2019213021 000000 000000 000000
2019213022 000000 000000 000000
2019213023 000000 000000 000000
2019213024 000000 000000 000000
2019213025 000000 000000 000000
2019213026 000000 000000 000000
2019213027 000000 000000 000000
2019213028 000000 000000 000000
2019213029 000000 000000 000000
2019213030 000000 000000 000000
2019213031 000000 000000 000000
2019213032 000000 000000 000000
2019213033 000000 000000 000000
2019213034 000000 000000 000000
2019213035 000000 000000 000000
2019213036 000000 000000 000000
2019213037 000000 000000 000000
2019213038 000000 000000 000000
2019213039 000000 000000 000000
2019213040 000000 000000 000000
2019213041 000000 000000 000000
2019213042 000000 000000 000000
2019213043 000000 000000 000000
2019213044 000000 000000 000000
2019213045 000000 000000 000000
2019213046 000000 000000 000000
2019213047 000000 000000 000000
2019213048 000000 000000 000000
2019213049 000000 000000 000000
2019213050 000000 000000 000000
2019213051 000000 000000 000000
2019213052 000000 000000 000000
2019213053 000000 000000 000000
2019213054 000000 000000 000000
2019213055 000000 000000 000000
2019213056 000000 000000 000000
2019213057 000000 000000 000000
2019213058 000000 000000 000000
2019213059 000000 000000 000000
2019213060 000000 000000 000000
2019213061 000000 000000 000000
2019213062 000000 000000 000000
2019213063 000000 000000 000000
2019213064 000000 000000 000000
2019213065 000000 000000 000000
2019213066 000000 000000 000000
2019213067 000000 000000 000000
2019213068 000000 000000 000000
2019213069 000000 000000 000000
2019213070 000000 000000 000000
2019213071 000000 000000 000000
2019213072 000000 000000 000000
2019213073 000000 000000 000000
2019213074 000000 000000 000000
2019213075 000000 000000 000000
2019213076 000000 000000 000000
2019213077 000000 000000 000000
2019213078 000000 000000 000000
2019213079 000000 000000 000000
2019213080 000000 000000 000000
2019213081 000000 000000 000000
2019213082 000000 000000 000000
2019213083 000000 000000 000000
2019213084 000000 000000 000000
2019213085 000000 000000 000000
2019213086 000000 000000 000000
2019213087 000000 000000 000000
2019213088 000000 000000 000000
2019213089 000000 000000 000000
2019213090 000000 000000 000000
2019213091 000000 000000 000000
2019213092 000000 000000 000000
2019213093 000000 000000 000000
2019213094 000000 000000 000000
2019213095 000000 000000 000000
2019213096 000000 000000 000000
2019213097 000000 000000 000000
2019213098 000000 000000 000000
2019213099 000000 000000 000000
2019213100 000000 000000 000000
2019213101 000000 000000 000000
2019213102 000000 000000 000000
2019213103 000000 000000 000000
2019213104 000000 000000 000000
2019213105 000000 000000 000000
2019213106 000000 000000 000000
2019213107 000000 000000 000000
2019213108 000000 000000 000000
2019213109 000000 000000 000000
2019213110 000000 000000 000000
2019213111 000000 000000 000000
2019213112 000000 000000 000000
2019213113 000000 000000 000000
2019213114 000000 000000 000000
2019213115 000000 000000 000000
2019213116 000000 000000 000000
2019213117 000000 000000 000000
2019213118 000000 000000 000000
2019213119 000000 000000 000000
2019213120 000000 000000 000000
2019213121 000000 000000 000000
2019213122 000000 000000 000000
2019213123 000000 000000 000000
2019213124 000000 000000 000000
2019213125 000000 000000 000000
2019213126 000000 000000 000000
2019213127 000000 000000 000000
2019213128 000000 000000 000000
2019213129 000000 000000 000000
2019213130 000000 000000 000000
2019213131 000000 000000 000000
2019213132 000000 000000 000000
2019213133 000000 000000 000000
2019213134 000000 000000 000000
2019213135 000000 000000 000000
2019213136 000000 000000 000000
2019213137 000000 000000 000000
2019213138 000000 000000 000000
2019213139 000000 000000 000000
2019213140 000000 000000 000000
2019213141 000000 000000 000000
2019213142 000000 000000 000000
2019213143 000000 000000 000000
2019213144 000000 000000 000000
2019213145 000000 000000 000000
2019213146 000000 000000 000000
2019213147 000000 000000 000000
2019213148 000000 000000 000000
2019213149 000000 000000 000000
2019213150 000000 000000 000000
2019213151 000000 000000 000000
2019213152 000000 000000 000000
2019213153 000000 000000 000000
2019213154 000000 000000 000000
2019213155 000000 000000 000000
2019213156 000000 000000 000000
2019213157 000000 000000 000000
2019213158 000000 000000 000000
2019213159 000000 000000 000000
2019213160 000000 000000 000000
2019213161 000000 000000 000000
2019213162 000000 000000 000000
2019213163 000000 000000 000000
2019213164 000000 000000 000000
2019213165 000000 000000 000000
2019213166 000000 000000 000000
2019213167 000000 000000 000000
2019213168 000000 000000 000000
2019213169 000000 000000 000000
2019213170 000000 000000 000000
2019213171 English 000000 000000
2019213172 English 000000 000000
2019213173 English 000000 000000
2019213174 English 000000 000000
2019213175 English 000000 000000
2019213176 English 000000 000000
2019213177 English 000000 000000
2019213178 English 000000 000000
2019213179 English 000000 000000
2019213180 English 000000 000000
2019213181 English 000000 000000
2019213182 English 000000 000000
2019213183 English 000000 000000
2019213184 English 000000 000000
2019213185 English 000000 000000
2019213186 English 000000 000000
2019213187 English 000000 000000
2019213188 English 000000 000000
2019213189 English 000000 000000
2019213190 English 000000 000000
2019213191 English 000000 000000
2019213192 English 000000 000000
2019213193 English 000000 000000
2019213194 English 000000 000000
2019213195 English 000000 000000
2019213196 English 000000 000000
2019213197 English 000000 000000
2019213198 English 000000 000000
2019213199 English 000000 000000
2019213200 English 000000 000000
2019213201 English 000000 000000
2019213202 English 000000 000000
2019213203 English 000000 000000
2019213204 English 000000 000000
2019213205 English 000000 000000
2019213206 English 000000 000000
2019213207 English 000000 000000
2019213208 English 000000 000000
2019213209 English 000000 000000
2019213210 English 000000 000000
2019213211 English 000000 000000
2019213212 English 000000 000000
2019213213 English 000000 000000
2019213214 English 000000 000000
2019213215 English 000000 000000
2019213216 English 000000 000000
2019213217 English 000000 000000
2019213218 English 000000 000000
2019213219 English 000000 000000
2019213220 English 000000 000000
2019213221 English 000000 000000
2019213222 English 000000 000000
2019213223 English 000000 000000
2019213224 English 000000 000000
2019213225 English 000000 000000
2019213226 English 000000 000000
2019213227 English 000000 000000
2019213228 English 000000 000000
2019213229 English 000000 000000
2019213230 English 000000 000000
2019213231 English 000000 000000
2019213232 English 000000 000000
2019213233 English 000000 000000
2019213234 English 000000 000000
2019213235 English 000000 000000
2019213236 English 000000 000000
2019213237 English 000000 000000
2019213238 English 000000 000000
2019213239 English 000000 000000
2019213240 English 000000 000000
2019213241 English 000000 000000
2019213242 English 000000 000000
2019213243 English 000000 000000
2019213244 English 000000 000000
2019213245 English 000000 000000
2019213246 English 000000 000000
2019213247 English 000000 000000
2019213248 English 000000 000000
2019213249 English 000000 000000
2019213250 English 000000 000000
